
19,13
01 02
19,13 19,13
0101 0102 0201 0202
19,13 19,13 19,13 19,13
010101 010102 010201 010202 020101 020102 020201 020202
19,13 19,13 19,13 19,13 19,13 19,13 19,13 19,13
01010101 01010102 01010201 01010202 01020101 01020102 01020201 01020202 02010101 02010102 02010201 02010202 02020101 02020102 02020201 02020202
19,13 19,13 19,13 19,13 19,13 19,13 19,13 19,13 19,13 19,13 19,13 19,13 19,13 19,13 19,13 19,13
0101010101 0101010102 0101010201 0101010202 0101020101 0101020102 0101020201 0101020202 0102010101 0102010102 0102010201 0102010202 0102020101 0102020102 0102020201 0102020202 0201010101 0201010102 0201010201 0201010202 0201020101 0201020102 0201020201 0201020202 0202010101 0202010102 0202010201 0202010202 0202020101 0202020102 0202020201 0202020202
1,1 1,1 1,1 1,1 1,1 1,1 1,1 1,1 1,1 1,1 1,1 1,1 1,1 1,1 1,1 1,1 1,1 1,1 1,1 1,1 1,1 1,1 1,1 1,1 1,1 1,1 1,1 1,1 1,1 1,1 1,1 1,1