4,3
3.178510904312134  3.1469027996063232 3.2548389434814453 4.705044746398926 2.790414810180664 3.096834421157837 
2.44769024848938 1.9430747032165527 2.3601720333099365
13,9
8.733744859695435 8.556310176849365 6.995178699493408 8.985530138015747 7.655836582183838
5.023130416870117 6.152715444564819 7.994102716445923 7.394490718841553
22,15
15.245840311050415
14.781317710876465 11.45063829421997 8.033402442932129 19.73545241355896 12.681511640548706
31,21
11.431390762329102 13.873451471328735 15.971583127975464 
9.764055490493774 17.951950073242188
40,27
20.281028985977173 21.842029809951782
49,33
56.35457491874695 54.76691460609436 44.10742521286011 55.283934354782104 31.609539031982422
42.13114261627197


58,39
24.255180835723877  24.14571738243103 25.013522386550903 24.07753276824951

67,45

76,51

85,57

94,63

